(1, 9) [194]
(1, 42) [968, 467]
(1, 85) [484, 798]
(1, 101) [958, 326]
(2, 57) [478, 464]
(3, 14) [380, 2]
(3, 38) [639, 431]
(4, 3) [904, 890]
(4, 50) [801, 502]
(4, 80) [597, 569]
(5, 67) [668, 970]
(6, 23) [829, 139]
(6, 44) [465, 854]
(6, 102) [184, 83]
(7, 59) [466, 796]
(7, 91) [399, 451]
(8, 31) [415, 351]
(8, 51) [683, 629]
(8, 82) [107, 676]
(8, 124) [765, 184]
(9, 13) [163, 694]
(9, 72) [59]
(9, 117) [798, 789]
(9, 130) [819, 469]
(10, 9) [678, 94]
(10, 95) [292, 509]
(10, 122) [431, 423]
(11, 37) [492, 271]
(11, 40) [247, 349]
(11, 50) [26, 684]
(11, 77) [567, 927]
(11, 82) [113, 278]
(12, 91) [869, 876]
(12, 111) [942, 425]
(13, 19) [268]
(13, 32) [561, 177]
(13, 123) [85, 734]
(13, 134) [349, 30]
(14, 7) [475, 26]
(14, 51) [695, 940]
(14, 74) [850, 533]
(15, 13) [119, 96]
(15, 128) [39, 244]
(16, 53) [3, 7]
(16, 64) [81, 471]
(16, 109) [718, 635]
(16, 120) [349, 708]
(17, 84) [563, 586]
(17, 99) [895, 680]
(17, 134) [319, 860]
(18, 5) [116]
(18, 12) [30, 105]
(18, 15) [197, 71]
(18, 30) [639, 670]
(19, 41) [445, 489]
(19, 114) [41, 814]
(19, 126) [323, 604]
(20, 3) [511, 680]
(20, 53) [426, 598]
(20, 64) [758, 318]
(20, 86) [139, 730]
(21, 80) [590, 527]
(21, 99) [553, 585]
(22, 89) [845, 149]
(22, 95) [215, 885]
(23, 46) [276, 385]
(23, 109) [224, 811]
(23, 122) [389, 295]
(24, 25) [789, 809]
(24, 53) [857]
(24, 67) [450, 577]
(24, 103) [700]
(25, 36) [688, 562]
(26, 21) [956, 226]
(27, 9) [704, 481]
(27, 33) [1, 288]
(27, 46) [526, 914]
(27, 53) [716, 370]
(27, 127) [571, 342]
(28, 62) [172, 677]
(29, 85) [281]
(29, 99) [430, 456]
(29, 106) [13, 591]
(30, 43) [65, 813]
(30, 88) [586, 286]
(31, 28) [103, 221]
(31, 52) [150, 979]
(31, 61) [453, 181]
(31, 69) [781, 604]
(32, 126) [624, 961]
(33, 31) [464, 26]
(33, 38) [518]
(33, 79) [978, 871]
(34, 24) [280, 703]
(34, 63) [493, 20]
(35, 13) [52, 3]
(35, 109) [792, 646]
(36, 86) [852]
(36, 93) [879, 271]
(36, 124) [415, 850]
(37, 7) [944, 266]
(37, 14) [938, 661]
(37, 50) [835, 783]
(37, 59) [806, 739]
(38, 78) [900, 117]
(38, 105) [452, 172]
(38, 108) [249]
(38, 132) [20]
(39, 23) [770, 92]
(39, 30) [87, 841]
(39, 50) [988]
(39, 113) [636, 760]
(39, 118) [49, 194]
(41, 11) [479]
(41, 67) [670, 765]
(42, 15) [880, 470]
(42, 80) [359, 651]
(42, 123) [690, 698]
(43, 35) [484]
(43, 100) [419]
(43, 130) [324, 217]
(44, 94) [235, 346]
(45, 57) [627, 252]
(45, 114) [66, 41]
(46, 46) [822, 897]
(46, 79) [700, 104]
(47, 107) [700, 788]
(47, 111) [18, 350]
(48, 7) [4, 921]
(48, 14) [960, 211]
(48, 64) [987, 918]
(48, 97) [549, 610]
(48, 133) [407, 937]
(49, 28) [36, 991]
(49, 118) [432, 526]
(50, 3) [244]
(50, 19) [601, 362]
(50, 48) [222, 66]
(50, 74) [733, 373]
(50, 82) [109, 285]
(50, 102) [66, 337]
(51, 12) [464, 611]
(51, 128) [465, 722]
(52, 51) [121, 652]
(53, 6) [713, 588]
(53, 61) [425, 868]
(53, 64) [74, 800]
(53, 112) [37, 175]
(54, 22) [143, 39]
(54, 41) [595, 516]
(54, 76) [26, 484]
(54, 124) [122, 636]
(55, 32) [224, 716]
(55, 80) [407, 921]
(55, 98) [387, 728]
(56, 36) [541, 135]
(56, 50) [810, 290]
(56, 113) [206, 499]
(56, 127) [807, 227]
(57, 22) [301, 307]
(57, 55) [372, 608]
(57, 105) [428, 960]
(58, 7) [486, 425]
(58, 71) [264, 24]
(58, 79) [178, 857]
(59, 51) [802, 345]
(59, 88) [940, 520]
(59, 130) [624, 286]
(60, 12) [76, 73]
(60, 30) [556, 735]
(60, 84) [266, 930]
(60, 96) [279]
(62, 25) [936, 484]
(62, 34) [384, 531]
(62, 105) [634, 844]
(63, 73) [236, 567]
(63, 110) [985, 175]
(63, 117) [406, 6]
(64, 5) [730, 363]
(64, 31) [328, 892]
(64, 85) [497, 455]
(65, 61) [701]
(65, 100) [110, 993]
(65, 120) [737, 735]
(66, 14) [119, 349]
(66, 26) [942, 685]
(66, 39) [171, 930]
(66, 46) [358, 231]
(68, 97) [142, 723]
(68, 135) [260, 63]
(69, 30) [527, 770]
(69, 52) [241, 881]
(69, 91) [949, 346]
(69, 105) [349, 691]
(70, 116) [632, 264]
(71, 54) [912, 391]
(71, 84) [218, 54]
(72, 36) [857, 290]
(72, 59) [135, 977]
(72, 76) [885, 990]
(72, 123) [449, 577]
(74, 42) [751, 761]
(74, 117) [466, 605]
(74, 125) [545, 247]
(75, 78) [345, 480]
(75, 106) [266, 822]
(76, 21) [984, 697]
(76, 28) [735]
(76, 62) [814, 390]
(76, 71) [737, 266]
(77, 8) [182, 875]
(77, 33) [595]
(77, 136) [941, 101]
(78, 37) [108, 453]
(78, 87) [593, 741]
(79, 23) [279, 538]
(79, 81) [513, 21]
(79, 103) [510, 170]
(81, 3) [492, 479]
(82, 9) [942, 971]
(82, 30) [794, 995]
(82, 50) [456, 243]
(83, 90) [950, 514]
(83, 97) [40]
(84, 77) [116, 644]
(85, 9) [522, 870]
(85, 47) [848, 214]
(85, 60) [932, 46]
(85, 70) [482, 29]
(85, 130) [710, 478]
(86, 106) [20, 865]
(87, 18) [254, 316]
(87, 30) [309, 323]
(87, 40) [106, 793]
(87, 85) [111, 4]
(87, 96) [135, 818]
(87, 134) [694, 384]
(88, 64) [881, 597]
(88, 72) [33, 866]
(88, 117) [772]
(89, 30) [358, 263]
(89, 58) [457, 87]
(90, 10) [106, 136]
(91, 17) [453, 432]
(92, 25) [89]
(92, 72) [417, 206]
(93, 82) [121, 335]
(93, 133) [132, 863]
(94, 11) [768, 191]
(94, 97) [394, 478]
(94, 117) [974, 432]
(95, 27) [252, 369]
(95, 69) [312, 516]
(95, 86) [169, 685]
(95, 92) [332, 712]
(95, 111) [894]
(96, 39) [967, 806]
(96, 48) [109, 160]
(97, 23) [26, 24]
(97, 96) [606, 742]
(98, 16) [974, 939]
(99, 62) [546, 342]
(99, 71) [883, 301]
(100, 25) [375, 828]
(100, 77) [196, 39]
(100, 110) [288]
(100, 125) [467, 780]
(100, 133) [125, 925]
(101, 89) [279, 367]
(101, 117) [809, 216]
(102, 5) [375, 703]
(102, 48) [40, 904]
(103, 34) [703, 274]
(103, 42) [418, 6]
(103, 65) [182]
(104, 73) [92, 635]
(104, 99) [610, 306]
(104, 107) [65, 51]
(104, 121) [597, 41]
(106, 45) [933, 991]
(106, 57) [783, 724]
(106, 70) [344, 184]
(106, 113) [108, 788]
(107, 14) [715, 574]
(107, 27) [368]
(107, 84) [354, 575]
(108, 9) [633, 787]
(108, 96) [589, 119]
(108, 122) [191, 914]
(109, 66) [701, 509]
(109, 79) [411, 29]
(109, 110) [748, 87]
(109, 127) [758, 683]
(110, 22) [770, 563]
(110, 50) [879, 189]
(110, 133) [751, 316]
(111, 3) [14, 173]
(111, 28) [270, 876]
(112, 37) [123, 970]
(112, 104) [466, 214]
(113, 8) [612, 918]
(113, 18) [50, 640]
(113, 55) [762, 723]
(114, 42) [513, 839]
(114, 65) [584, 76]
(115, 34) [550, 530]
(115, 101) [180, 209]
(115, 132) [703]
(116, 56) [675, 150]
(116, 127) [568, 9]
(117, 87) [309, 702]
(117, 91) [224, 80]
(117, 99) [507, 33]
(118, 16) [846, 381]
(118, 44) [714, 803]
(118, 46) [468, 474]
(118, 61) [88, 296]
(119, 39) [789, 158]
(119, 76) [631, 569]
(119, 108) [513, 510]
(119, 121) [276, 542]
(120, 59) [267, 796]
(120, 66) [436, 91]
(120, 132) [939]
(121, 14) [163, 110]
(121, 111) [241, 428]
(121, 118) [274, 949]
(122, 22) [782, 924]
(122, 41) [379, 268]
(122, 70) [778, 567]
(122, 126) [167, 680]
(124, 5) [725, 532]
(124, 32) [471, 28]
(124, 43) [486, 882]
(124, 84) [470, 107]
(124, 88) [469, 377]
(125, 103) [615, 403]
(126, 27) [812, 247]
(126, 125) [737, 510]
(127, 43) [156, 270]
(127, 48) [210, 778]
(127, 70) [234, 487]
(127, 76) [821, 486]
(127, 84) [70]
(127, 133) [652, 34]
(128, 14) [790, 776]
(128, 37) [7, 788]
(128, 93) [140, 199]
(129, 59) [707, 110]
(129, 79) [460, 305]
(129, 106) [585, 702]
(130, 24) [508, 352]
(130, 38) [860, 645]
(131, 14) [498, 560]
(131, 32) [815]
(131, 44) [711, 931]
(131, 70) [596, 592]
(131, 102) [337, 584]
(131, 116) [198, 311]
(131, 127) [275, 82]
(131, 136) [986, 527]
(132, 66) [50, 649]
(132, 100) [591, 393]
(133, 53) [400, 386]
(133, 79) [824, 772]
(133, 95) [545, 969]
(134, 20) [678, 926]
(134, 62) [545]
(135, 51) [41]
(135, 85) [555, 826]
(135, 121) [679, 820]
(135, 131) [704, 316]
(137, 36) [333, 755]
(137, 111) [164, 596]
(138, 58) [119, 488]
(138, 66) [880, 209]
(138, 80) [942, 416]
(138, 120) [631, 917]
